# Lindhard-Scharff electronic stopping table for Sn (Z=50, M=118.71) in diamond (n = 1.7624e+23 cm^-3).
# Generated by potentials/generate_stopping.py -- see docstring for caveats.
# Columns: E(eV)  dE/dx_C(eV/A)  dE/dx_ion(eV/A)
1.000000e+00  5.573246e-02  5.150048e-02
1.068164e+00  5.760063e-02  5.322679e-02
1.140975e+00  5.953142e-02  5.501097e-02
1.218749e+00  6.152694e-02  5.685496e-02
1.301824e+00  6.358934e-02  5.876076e-02
1.390562e+00  6.572087e-02  6.073044e-02
1.485348e+00  6.792386e-02  6.276614e-02
1.586596e+00  7.020069e-02  6.487008e-02
1.694745e+00  7.255384e-02  6.704455e-02
1.810266e+00  7.498587e-02  6.929190e-02
1.933661e+00  7.749942e-02  7.161459e-02
2.065468e+00  8.009722e-02  7.401513e-02
2.206259e+00  8.278211e-02  7.649614e-02
2.356647e+00  8.555699e-02  7.906032e-02
2.517286e+00  8.842489e-02  8.171045e-02
2.688875e+00  9.138892e-02  8.444941e-02
2.872160e+00  9.445230e-02  8.728018e-02
3.067939e+00  9.761838e-02  9.020584e-02
3.277062e+00  1.008906e-01  9.322956e-02
3.500441e+00  1.042725e-01  9.635465e-02
3.739046e+00  1.077677e-01  9.958449e-02
3.993915e+00  1.113801e-01  1.029226e-01
4.266158e+00  1.151136e-01  1.063726e-01
4.556957e+00  1.189723e-01  1.099382e-01
4.867579e+00  1.229602e-01  1.136234e-01
5.199373e+00  1.270819e-01  1.174321e-01
5.553785e+00  1.313417e-01  1.213685e-01
5.932354e+00  1.357444e-01  1.254368e-01
6.336729e+00  1.402945e-01  1.296414e-01
6.768667e+00  1.449973e-01  1.339871e-01
7.230048e+00  1.498576e-01  1.384784e-01
7.722879e+00  1.548809e-01  1.431202e-01
8.249304e+00  1.600726e-01  1.479176e-01
8.811611e+00  1.654382e-01  1.528759e-01
9.412248e+00  1.709838e-01  1.580003e-01
1.005383e+01  1.767152e-01  1.632965e-01
1.073914e+01  1.826388e-01  1.687703e-01
1.147116e+01  1.887609e-01  1.744275e-01
1.225309e+01  1.950882e-01  1.802744e-01
1.308831e+01  2.016276e-01  1.863173e-01
1.398046e+01  2.083862e-01  1.925627e-01
1.493343e+01  2.153714e-01  1.990174e-01
1.595136e+01  2.225907e-01  2.056886e-01
1.703867e+01  2.300520e-01  2.125833e-01
1.820010e+01  2.377635e-01  2.197092e-01
1.944070e+01  2.457334e-01  2.270739e-01
2.076586e+01  2.539704e-01  2.346855e-01
2.218135e+01  2.624836e-01  2.425522e-01
2.369332e+01  2.712821e-01  2.506826e-01
2.530836e+01  2.803756e-01  2.590856e-01
2.703348e+01  2.897739e-01  2.677702e-01
2.887620e+01  2.994872e-01  2.767460e-01
3.084453e+01  3.095261e-01  2.860226e-01
3.294702e+01  3.199015e-01  2.956102e-01
3.519283e+01  3.306247e-01  3.055191e-01
3.759172e+01  3.417074e-01  3.157602e-01
4.015413e+01  3.531615e-01  3.263446e-01
4.289121e+01  3.649996e-01  3.372838e-01
4.581486e+01  3.772345e-01  3.485896e-01
4.893779e+01  3.898795e-01  3.602745e-01
5.227360e+01  4.029484e-01  3.723510e-01
5.583679e+01  4.164554e-01  3.848323e-01
5.964286e+01  4.304151e-01  3.977320e-01
6.370838e+01  4.448427e-01  4.110641e-01
6.805101e+01  4.597540e-01  4.248431e-01
7.268966e+01  4.751651e-01  4.390840e-01
7.764449e+01  4.910928e-01  4.538022e-01
8.293707e+01  5.075544e-01  4.690138e-01
8.859041e+01  5.245678e-01  4.847353e-01
9.462911e+01  5.421514e-01  5.009838e-01
1.010794e+02  5.603245e-01  5.177769e-01
1.079694e+02  5.791068e-01  5.351330e-01
1.153291e+02  5.985186e-01  5.530708e-01
1.231904e+02  6.185812e-01  5.716099e-01
1.315876e+02  6.393162e-01  5.907705e-01
1.405572e+02  6.607463e-01  6.105733e-01
1.501381e+02  6.828947e-01  6.310399e-01
1.603722e+02  7.057856e-01  6.521926e-01
1.713039e+02  7.294437e-01  6.740543e-01
1.829807e+02  7.538949e-01  6.966488e-01
1.954534e+02  7.791657e-01  7.200007e-01
2.087763e+02  8.052836e-01  7.441353e-01
2.230074e+02  8.322770e-01  7.690790e-01
2.382085e+02  8.601752e-01  7.948588e-01
2.544459e+02  8.890085e-01  8.215027e-01
2.717900e+02  9.188084e-01  8.490397e-01
2.903163e+02  9.496071e-01  8.774998e-01
3.101055e+02  9.814383e-01  9.069139e-01
3.312436e+02  1.014336e+00  9.373139e-01
3.538226e+02  1.048337e+00  9.687330e-01
3.779407e+02  1.083478e+00  1.001205e+00
4.037027e+02  1.119796e+00  1.034766e+00
4.312208e+02  1.157332e+00  1.069452e+00
4.606146e+02  1.196126e+00  1.105300e+00
4.920121e+02  1.236221e+00  1.142350e+00
5.255497e+02  1.277660e+00  1.180642e+00
5.613734e+02  1.320487e+00  1.220217e+00
5.996390e+02  1.364750e+00  1.261120e+00
6.405130e+02  1.410497e+00  1.303393e+00
6.841731e+02  1.457777e+00  1.347083e+00
7.308092e+02  1.506643e+00  1.392237e+00
7.806243e+02  1.557146e+00  1.438906e+00
8.338350e+02  1.609342e+00  1.487138e+00
8.906727e+02  1.663287e+00  1.536988e+00
9.513847e+02  1.719041e+00  1.588508e+00
1.016235e+03  1.776664e+00  1.641755e+00
1.085506e+03  1.836219e+00  1.696787e+00
1.159499e+03  1.897769e+00  1.753664e+00
1.238535e+03  1.961383e+00  1.812448e+00
1.322959e+03  2.027129e+00  1.873201e+00
1.413138e+03  2.095079e+00  1.935992e+00
1.509463e+03  2.165307e+00  2.000887e+00
1.612354e+03  2.237889e+00  2.067957e+00
1.722259e+03  2.312903e+00  2.137276e+00
1.839656e+03  2.390433e+00  2.208918e+00
1.965055e+03  2.470561e+00  2.282962e+00
2.099001e+03  2.553375e+00  2.359487e+00
2.242078e+03  2.638965e+00  2.438578e+00
2.394908e+03  2.727424e+00  2.520320e+00
2.558155e+03  2.818848e+00  2.604802e+00
2.732529e+03  2.913336e+00  2.692116e+00
2.918790e+03  3.010992e+00  2.782356e+00
3.117747e+03  3.111922e+00  2.875622e+00
3.330266e+03  3.216235e+00  2.972013e+00
3.557271e+03  3.324044e+00  3.071636e+00
3.799750e+03  3.435467e+00  3.174599e+00
4.058757e+03  3.550625e+00  3.281012e+00
4.335419e+03  3.669643e+00  3.390993e+00
4.630940e+03  3.792650e+00  3.504660e+00
4.946605e+03  3.919781e+00  3.622137e+00
5.283786e+03  4.051174e+00  3.743552e+00
5.643951e+03  4.186970e+00  3.869037e+00
6.028667e+03  4.327319e+00  3.998729e+00
6.439607e+03  4.472372e+00  4.132767e+00
6.878558e+03  4.622287e+00  4.271299e+00
7.347430e+03  4.777228e+00  4.414474e+00
7.848262e+03  4.937362e+00  4.562449e+00
8.383232e+03  5.102864e+00  4.715384e+00
8.954669e+03  5.273914e+00  4.873445e+00
9.565058e+03  5.450697e+00  5.036804e+00
1.021705e+04  5.633406e+00  5.205640e+00
1.091349e+04  5.822240e+00  5.380134e+00
1.165740e+04  6.017403e+00  5.560478e+00
1.245202e+04  6.219108e+00  5.746867e+00
1.330080e+04  6.427575e+00  5.939504e+00
1.420744e+04  6.643029e+00  6.138598e+00
1.517588e+04  6.865705e+00  6.344366e+00
1.621033e+04  7.095846e+00  6.557031e+00
1.731530e+04  7.333701e+00  6.776825e+00
1.849558e+04  7.579529e+00  7.003986e+00
1.975632e+04  7.833597e+00  7.238762e+00
2.110299e+04  8.096182e+00  7.481408e+00
2.254146e+04  8.367569e+00  7.732187e+00
2.407799e+04  8.648052e+00  7.991372e+00
2.571924e+04  8.937938e+00  8.259246e+00
2.747238e+04  9.237540e+00  8.536098e+00
2.934501e+04  9.547186e+00  8.822231e+00
3.134529e+04  9.867210e+00  9.117955e+00
3.348192e+04  1.019796e+01  9.423592e+00
3.576419e+04  1.053980e+01  9.739474e+00
3.820203e+04  1.089310e+01  1.006594e+01
4.080604e+04  1.125824e+01  1.040336e+01
4.358756e+04  1.163562e+01  1.075208e+01
4.655867e+04  1.202565e+01  1.111249e+01
4.973231e+04  1.242875e+01  1.148499e+01
5.312227e+04  1.284537e+01  1.186997e+01
5.674331e+04  1.327595e+01  1.226785e+01
6.061118e+04  1.372096e+01  1.267908e+01
6.474269e+04  1.418089e+01  1.310408e+01
6.915583e+04  1.465624e+01  1.354334e+01
7.386979e+04  1.514752e+01  1.399731e+01
7.890506e+04  1.565527e+01  1.446651e+01
8.428357e+04  1.618004e+01  1.495143e+01
9.002870e+04  1.672240e+01  1.545261e+01
9.616543e+04  1.728294e+01  1.597058e+01
1.027205e+05  1.786227e+01  1.650592e+01
1.097223e+05  1.846102e+01  1.705921e+01
1.172015e+05  1.907984e+01  1.763104e+01
1.251904e+05  1.971941e+01  1.822203e+01
1.337240e+05  2.038041e+01  1.883284e+01
1.428391e+05  2.106356e+01  1.946413e+01
1.525757e+05  2.176962e+01  2.011657e+01
1.629759e+05  2.249935e+01  2.079088e+01
1.740850e+05  2.325353e+01  2.148780e+01
1.859514e+05  2.403300e+01  2.220808e+01
1.986266e+05  2.483859e+01  2.295250e+01
2.121658e+05  2.567119e+01  2.372188e+01
2.266280e+05  2.653169e+01  2.451704e+01
2.420759e+05  2.742105e+01  2.533886e+01
2.585768e+05  2.834021e+01  2.618823e+01
2.762025e+05  2.929018e+01  2.706606e+01
2.950297e+05  3.027200e+01  2.797333e+01
3.151401e+05  3.128672e+01  2.891100e+01
3.366214e+05  3.233547e+01  2.988011e+01
3.595670e+05  3.341936e+01  3.088170e+01
3.840766e+05  3.453959e+01  3.191686e+01
4.102569e+05  3.569737e+01  3.298673e+01
4.382217e+05  3.689395e+01  3.409245e+01
4.680928e+05  3.813065e+01  3.523524e+01
5.000000e+05  3.940880e+01  3.641634e+01
